term,estimate,std.error,statistic,p.value,conf.low,conf.high
ALCOHOLIC.BEVERAGES.AND.TOBACCO_(Intercept),0.279241897459011,0.430484618806189,0.648668698624816,0.517078552236991,-0.568116244514734,1.12660003943276
ALCOHOLIC.BEVERAGES.AND.TOBACCO_lag1,-0.209855542798395,0.0545239850828488,-3.84886655807569,0.00014673115475583,-0.317179569428966,-0.102531516167823
ALCOHOLIC.BEVERAGES.AND.TOBACCO_lag2,-0.0942230220618029,0.0552945692139722,-1.70401946160734,0.0894750977958121,-0.203063852566562,0.0146178084429559
ALCOHOLIC.BEVERAGES.AND.TOBACCO_lag3,0.0333202652537891,0.0553395267978371,0.602106074660028,0.54758562049736,-0.0756090589463704,0.142249589453949
ALCOHOLIC.BEVERAGES.AND.TOBACCO_lag4,-0.0525080019400609,0.0552947580135915,-0.949601803613182,0.343124846754,-0.161349204074577,0.0563332001944556
ALCOHOLIC.BEVERAGES.AND.TOBACCO_lag5,-0.0249244643953908,0.0556156223700428,-0.448155811860811,0.654383651844824,-0.13439725012902,0.0845483213382382
ALCOHOLIC.BEVERAGES.AND.TOBACCO_lag6,-0.0716054179808505,0.0559377393141099,-1.2800913812187,0.201561290011502,-0.181712252884412,0.0385014169227114
ALCOHOLIC.BEVERAGES.AND.TOBACCO_lag7,-0.0391812883335612,0.0553176037873722,-0.708296919081398,0.479343870716847,-0.148067459676215,0.0697048830090921
ALCOHOLIC.BEVERAGES.AND.TOBACCO_lag8,-0.0732049461209663,0.0558518479973709,-1.31069872789907,0.191022217224018,-0.183142714109279,0.0367328218673467
ALCOHOLIC.BEVERAGES.AND.TOBACCO_lag9,-0.0740658118773382,0.0555162130501661,-1.33412939766641,0.183234021614416,-0.183342922102701,0.0352112983480248
ALCOHOLIC.BEVERAGES.AND.TOBACCO_lag10,0.0271113195911732,0.0548564819308738,0.494222717842841,0.621532295191314,-0.0808671878246492,0.135089827006995
ALCOHOLIC.BEVERAGES.AND.TOBACCO_lag11,-0.00192133044515588,0.0548775579235378,-0.035011223491995,0.972095472942125,-0.109941323463956,0.106098662573645
ALCOHOLIC.BEVERAGES.AND.TOBACCO_lag12,0.282537330633011,0.053316257218867,5.29927165504464,2.34215906447233e-07,0.177590573698326,0.387484087567695
ALCOHOLIC.BEVERAGES.AND.TOBACCO_CPI_lag1,0.0184348017936538,0.17201360866454,0.107170600842432,0.914729572979327,-0.320153676085984,0.357023279673291
ALCOHOLIC.BEVERAGES.AND.TOBACCO_CPI_lag2,-0.0584466573682679,0.171578003761598,-0.340641900983284,0.733625914637463,-0.396177698431196,0.27928438369466
ALCOHOLIC.BEVERAGES.AND.TOBACCO_CPI_lag3,0.333264115840861,0.170881989125947,1.95025887482636,0.0521323939960299,-0.00309690259480766,0.669625134276529
ALCOHOLIC.BEVERAGES.AND.TOBACCO_CPI_lag4,0.320683775409354,0.172732520310099,1.85653387580778,0.0644166167443803,-0.0193197951579466,0.660687345976655
ALCOHOLIC.BEVERAGES.AND.TOBACCO_CPI_lag5,0.00993971686249406,0.170549722067951,0.0582804635620213,0.953566358864258,-0.325767273102462,0.34564670682745
ALCOHOLIC.BEVERAGES.AND.TOBACCO_CPI_lag6,0.68983491703763,0.174408940646941,3.95527267397418,9.66869065419651e-05,0.346531510983216,1.03313832309204
ALCOHOLIC.BEVERAGES.AND.TOBACCO_CPI_lag7,-0.436892014062655,0.177024884766689,-2.46796948710606,0.0141796778346945,-0.78534459723509,-0.0884394308902193
ALCOHOLIC.BEVERAGES.AND.TOBACCO_CPI_lag8,0.0762047332024973,0.177272231390603,0.429874056442529,0.667614392249353,-0.272734722593273,0.425144188998268
ALCOHOLIC.BEVERAGES.AND.TOBACCO_CPI_lag9,0.142623503964344,0.175301420866627,0.813590119573845,0.416563787048045,-0.202436644021521,0.487683651950208
ALCOHOLIC.BEVERAGES.AND.TOBACCO_CPI_lag10,0.20007223999749,0.174772003778275,1.1447613786663,0.253275255644415,-0.143945812961707,0.544090292956687
ALCOHOLIC.BEVERAGES.AND.TOBACCO_CPI_lag11,0.135427233214586,0.175942175457279,0.769725808281082,0.442104556813728,-0.210894164524875,0.481748630954046
ALCOHOLIC.BEVERAGES.AND.TOBACCO_CPI_lag12,-0.0383567934255168,0.172994433069197,-0.221722703702113,0.824689663303479,-0.378875908333343,0.302162321482309
ALCOHOLIC.BEVERAGES.AND.TOBACCO_time_Aug,-0.579297840297547,0.272298871752858,-2.12743386180214,0.0342486268138575,-1.11528601722688,-0.0433096633682134
ALCOHOLIC.BEVERAGES.AND.TOBACCO_time_Dec,-0.42284895839264,0.375202272428436,-1.12698933206299,0.260701656293055,-1.16139032907149,0.315692412286211
ALCOHOLIC.BEVERAGES.AND.TOBACCO_time_Apr,1.02719450581889,0.3745362854935,2.74257674250553,0.00648468205589392,0.289964051784004,1.76442495985377
ALCOHOLIC.BEVERAGES.AND.TOBACCO_time_Jan,1.17268964301823,0.393407847898849,2.9808496431412,0.00312429372561285,0.398312746677736,1.94706653935873
ALCOHOLIC.BEVERAGES.AND.TOBACCO_time_Jul,0.288512789607478,0.398326653791451,0.724312036016884,0.469472549494473,-0.495546195336887,1.07257177455184
ALCOHOLIC.BEVERAGES.AND.TOBACCO_time_Jun,-0.268512396917243,0.359464444281187,-0.746979016114324,0.455696373026649,-0.976075711156967,0.43905091732248
ALCOHOLIC.BEVERAGES.AND.TOBACCO_time_Mar,0.108684987635897,0.403962284168696,0.269047363814067,0.788089278084598,-0.686467070270185,0.903837045541979
ALCOHOLIC.BEVERAGES.AND.TOBACCO_time_May,0.69992410950073,0.356831105692096,1.96149970766473,0.0508009556094775,-0.00245578866195062,1.40230400766341
ALCOHOLIC.BEVERAGES.AND.TOBACCO_time_Nov,-0.229902700562693,0.358508042957191,-0.641276270028188,0.521862201928508,-0.935583451724717,0.475778050599331
ALCOHOLIC.BEVERAGES.AND.TOBACCO_time_Oct,0.283490675846159,0.363609869759062,0.77965616289241,0.436244816541592,-0.432232418969149,0.999213770661468
ALCOHOLIC.BEVERAGES.AND.TOBACCO_time_Sep,0.232612324908242,0.412327935744562,0.564143985267944,0.573102954704675,-0.579006530337506,1.04423118015399
ALCOHOLIC.BEVERAGES.AND.TOBACCO_VAT1,-0.262160065893887,0.639018537571742,-0.41025424221665,0.681929864297059,-1.51999260398824,0.99567247220047
ALCOHOLIC.BEVERAGES.AND.TOBACCO_VAT2,1.82540820337374,0.610483949619149,2.99010023852801,0.00303405128333756,0.623742632397852,3.02707377434962
ALCOHOLIC.BEVERAGES.AND.TOBACCO_VAT3,2.13345275735616,0.615636946987217,3.46543976575281,0.000611460608787251,0.921644119509473,3.34526139520284
ALCOHOLIC.BEVERAGES.AND.TOBACCO_Recession,-0.0278387421508262,0.172051558071811,-0.161804650087544,0.871575149892279,-0.366501918957741,0.310824434656089
ALCOHOLIC.BEVERAGES.AND.TOBACCO_Trend,-0.000283631584467189,0.00034423592456173,-0.823945335828325,0.410664466092008,-0.000961219355770502,0.000393956186836124
CLOTHING.AND.FOOTWEAR_(Intercept),-2.54986391530919,0.81926067326999,-3.11239633306416,0.00204562238639738,-4.16248181515281,-0.937246015465574
CLOTHING.AND.FOOTWEAR_lag1,-0.247538909808389,0.054445999682934,-4.54650316368385,8.09359048714597e-06,-0.354709431387477,-0.140368388229302
CLOTHING.AND.FOOTWEAR_lag2,-0.106158013204502,0.0564825960390696,-1.87948183421087,0.0612061286258152,-0.217337334236335,0.00502130782733122
CLOTHING.AND.FOOTWEAR_lag3,-0.13178759369302,0.0577319007765328,-2.28275168356469,0.0231867465799045,-0.245426023586934,-0.0181491637991061
CLOTHING.AND.FOOTWEAR_lag4,-0.11226993673688,0.0587100070769506,-1.91227939369397,0.0568498449005435,-0.227833653391731,0.0032937799179721
CLOTHING.AND.FOOTWEAR_lag5,0.124351122407052,0.0587824849010775,2.11544514690588,0.0352656452165541,0.00864474171333975,0.240057503100765
CLOTHING.AND.FOOTWEAR_lag6,0.321755790848998,0.0584841809289168,5.5015866810218,8.42676104451101e-08,0.206636586301774,0.436874995396221
CLOTHING.AND.FOOTWEAR_lag7,0.0906773567389266,0.0574001836429864,1.57973983677326,0.115283478801967,-0.0223081271456218,0.203662840623475
CLOTHING.AND.FOOTWEAR_lag8,-0.00849382699585212,0.0564034816431246,-0.15059047329018,0.88040605466449,-0.119517420680824,0.10252976668912
CLOTHING.AND.FOOTWEAR_lag9,0.0789940049015857,0.0567890600646503,1.39100743720105,0.165315828448487,-0.0327885543783829,0.190776564181554
CLOTHING.AND.FOOTWEAR_lag10,0.00344067609352415,0.0558946339757647,0.0615564652416544,0.95095949726443,-0.106581311041236,0.113462663228284
CLOTHING.AND.FOOTWEAR_lag11,-0.0318924419336074,0.0552543900831384,-0.577192905136053,0.564268024725897,-0.140654184563534,0.0768693006963189
CLOTHING.AND.FOOTWEAR_lag12,0.316389472649202,0.0536905406931747,5.89283453964959,1.07680391270293e-08,0.210705982889451,0.422072962408953
CLOTHING.AND.FOOTWEAR_CPI_lag1,0.362341086213617,0.211103526658293,1.71641417814932,0.0871805140507629,-0.0531912796333732,0.777873452060608
CLOTHING.AND.FOOTWEAR_CPI_lag2,-0.284018465452935,0.208541175004129,-1.36192991838332,0.174303106431137,-0.694507144622393,0.126470213716523
CLOTHING.AND.FOOTWEAR_CPI_lag3,0.653436672341487,0.209249083736002,3.12276957525842,0.00197722129173084,0.241554558420771,1.0653187862622
CLOTHING.AND.FOOTWEAR_CPI_lag4,0.244089357892028,0.214585953244616,1.13748991581839,0.256295680553702,-0.178297753497161,0.666476469281217
CLOTHING.AND.FOOTWEAR_CPI_lag5,-0.328343157162193,0.208114215934363,-1.57770652854271,0.115750153677874,-0.73799141781668,0.0813051034922928
CLOTHING.AND.FOOTWEAR_CPI_lag6,-0.0068124748864056,0.212456128969648,-0.0320653252953641,0.974442558244214,-0.425007278672662,0.41138232889985
CLOTHING.AND.FOOTWEAR_CPI_lag7,-0.00931688586752242,0.211926449111554,-0.0439628272288854,0.964965037879681,-0.426469077395899,0.407835305660855
CLOTHING.AND.FOOTWEAR_CPI_lag8,0.244828657199657,0.212170829869732,1.15392232452489,0.249505573190351,-0.172804568995553,0.662461883394867
CLOTHING.AND.FOOTWEAR_CPI_lag9,0.0907975539911685,0.209130843694667,0.434166249162815,0.664498539828956,-0.320851818369559,0.502446926351895
CLOTHING.AND.FOOTWEAR_CPI_lag10,0.175169119655676,0.208953053174441,0.838318067118355,0.402559578251187,-0.23613029305888,0.586468532370232
CLOTHING.AND.FOOTWEAR_CPI_lag11,0.124852659052668,0.211084715791636,0.59148128553235,0.554670152780349,-0.290642679824432,0.540347997929767
CLOTHING.AND.FOOTWEAR_CPI_lag12,-0.174724382135409,0.205072995958425,-0.852010677070477,0.394928589124234,-0.578386360364077,0.228937596093259
CLOTHING.AND.FOOTWEAR_time_Aug,1.15467357747461,0.394562141172526,2.92646824665754,0.00370640484457097,0.378024591119867,1.93132256382935
CLOTHING.AND.FOOTWEAR_time_Dec,1.36614127911727,0.555558511220239,2.45904121982877,0.0145294770576951,0.272589948222393,2.45969261001214
CLOTHING.AND.FOOTWEAR_time_Apr,1.03095505971904,0.547889370208633,1.88168472647399,0.0609050704218328,-0.0475004726403392,2.10941059207842
CLOTHING.AND.FOOTWEAR_time_Jan,-1.26029338253031,0.523490179232234,-2.40748237985801,0.0167030801504926,-2.29072198842537,-0.229864776635254
CLOTHING.AND.FOOTWEAR_time_Jul,-0.694840248595957,0.566064842476334,-1.22749232324035,0.220657663097845,-1.80907205201692,0.419391554825008
CLOTHING.AND.FOOTWEAR_time_Jun,0.718791890192035,0.583980142136585,1.23084988397417,0.219401004182832,-0.430704065233041,1.86828784561711
CLOTHING.AND.FOOTWEAR_time_Mar,-0.349310760565379,0.512064112256758,-0.682162159394267,0.495694358292317,-1.35724850276999,0.65862698163923
CLOTHING.AND.FOOTWEAR_time_May,0.65384704694098,0.593063075583582,1.10249157949614,0.27118470135168,-0.513527590492903,1.82122168437486
CLOTHING.AND.FOOTWEAR_time_Nov,1.45231881275892,0.588897097725518,2.46616738029135,0.0142496745310203,0.29314441083427,2.61149321468357
CLOTHING.AND.FOOTWEAR_time_Oct,1.8881548625606,0.565694773883281,3.33776260579381,0.000957632966142707,0.774651495468629,3.00165822965257
CLOTHING.AND.FOOTWEAR_time_Sep,2.93846229175322,0.538053389744805,5.46128385725238,1.0353780455219e-07,1.87936772553808,3.99755685796837
CLOTHING.AND.FOOTWEAR_VAT1,-3.65760997145828,0.751699540638219,-4.86578715792861,1.89600825994951e-06,-5.1372417591029,-2.17797818381365
CLOTHING.AND.FOOTWEAR_VAT2,-1.40565579000501,0.724771217987374,-1.9394475872102,0.0534405139569443,-2.83228235411537,0.0209707741053413
CLOTHING.AND.FOOTWEAR_VAT3,-0.706690447848874,0.758373739227926,-0.93184984038125,0.352208411503641,-2.19945960735088,0.786078711653131
CLOTHING.AND.FOOTWEAR_Recession,-0.337899291274217,0.248856546625445,-1.35780752347573,0.175606393946399,-0.827744019179528,0.151945436631094
CLOTHING.AND.FOOTWEAR_Trend,0.00110366384523227,0.000498408951191785,2.2143740448345,0.0275998957415942,0.000122604675229517,0.00208472301523503
COMMUNICATION_(Intercept),-5.29605109691529,1.78851127165954,-2.96115052828331,0.00332471596761152,-8.81652435390484,-1.77557783992575
COMMUNICATION_lag1,5.74968834488178e-05,0.0585737415738061,0.00098161534339357,0.999217475978705,-0.115237997218226,0.115352990985123
COMMUNICATION_lag2,0.0869925786029641,0.058473347468232,1.48773043394217,0.137935363535736,-0.0281053015560794,0.202090458762007
COMMUNICATION_lag3,0.0858695897898499,0.0591229847880377,1.4523892881542,0.147501187822955,-0.030507024726286,0.202246204305986
COMMUNICATION_lag4,-0.0741828611721906,0.0588605043617489,-1.26031643759409,0.208593425578805,-0.190042813961965,0.0416770916175836
COMMUNICATION_lag5,-0.0394921261360868,0.0587914682631087,-0.671732264949535,0.502302130245144,-0.155216189517233,0.0762319372450599
COMMUNICATION_lag6,-0.0213600513481993,0.0590980712922321,-0.361433983904089,0.718044736664134,-0.137687626589542,0.0949675238931434
COMMUNICATION_lag7,0.00686022067707399,0.0589844770169516,0.116305526877901,0.907492894796315,-0.109243757646201,0.122964199000349
COMMUNICATION_lag8,-0.0121921516628623,0.0586702178483983,-0.207808188037862,0.83552820463412,-0.127677547919484,0.10329324459376
COMMUNICATION_lag9,0.133310052023178,0.060939135768583,2.18759341335959,0.0295172819440905,0.0133585587467129,0.253261545299643
COMMUNICATION_lag10,0.087973217502752,0.0591257323067293,1.48790068335,0.13789047409419,-0.0284088051795109,0.204355240185015
COMMUNICATION_lag11,-0.0579806837950345,0.0591145635585886,-0.980818943838934,0.327519770001232,-0.17434072211535,0.0583793545252809
COMMUNICATION_lag12,-0.0243404313975566,0.0594830289449866,-0.409199595737938,0.68270270767796,-0.141425750323868,0.092744887528755
COMMUNICATION_CPI_lag1,-0.144870097505019,0.194713228733294,-0.744017745725189,0.45748303861791,-0.528140097196773,0.238399902186736
COMMUNICATION_CPI_lag2,-0.0648795315816238,0.197038670501103,-0.329273088458343,0.742192840831508,-0.452726888813126,0.322967825649879
COMMUNICATION_CPI_lag3,0.476868874360983,0.195299277407734,2.44173394131616,0.015229404349925,0.0924453070522109,0.861292441669754
COMMUNICATION_CPI_lag4,-0.232166932963199,0.197654638599663,-1.17460907878534,0.241138561176763,-0.621226750665319,0.156892884738921
COMMUNICATION_CPI_lag5,0.36586633587763,0.195739918150553,1.86914523789789,0.0626353728107061,-0.0194245807040357,0.751157252459296
COMMUNICATION_CPI_lag6,-0.166756032745818,0.198608235934923,-0.839622948972057,0.401828549963946,-0.557692894204896,0.22418082871326
COMMUNICATION_CPI_lag7,-0.071042468457896,0.196844182711723,-0.360907127044425,0.718438132638589,-0.458506999440456,0.316422062524664
COMMUNICATION_CPI_lag8,0.243456326659905,0.196762273068802,1.23731202563804,0.216996924503974,-0.143846974862175,0.630759628181985
COMMUNICATION_CPI_lag9,-0.130177695003517,0.195245300200409,-0.666739198689526,0.505481945173035,-0.514495014553113,0.25413962454608
COMMUNICATION_CPI_lag10,-0.0196977982287211,0.195594446531789,-0.100707349201347,0.919854085648873,-0.404702371105639,0.365306774648196
COMMUNICATION_CPI_lag11,0.18709640178399,0.197784649294275,0.945960176644532,0.344975869104379,-0.202219326619258,0.576412130187237
COMMUNICATION_CPI_lag12,0.0268405156092713,0.193050077411933,0.139033954138224,0.889522204506974,-0.353155767085583,0.406836798304126
COMMUNICATION_time_Aug,-0.0429637634903159,0.243486745811856,-0.176452165176639,0.860064931151729,-0.522238672541727,0.436311145561096
COMMUNICATION_time_Dec,0.231535607495535,0.346581244633876,0.668055790901573,0.504642445348557,-0.450668649442451,0.913739864433522
COMMUNICATION_time_Apr,0.587038508257224,0.34769935193017,1.68835088417169,0.0924454635152574,-0.0973666108712457,1.27144362738569
COMMUNICATION_time_Jan,-0.23179007346963,0.37558936476351,-0.617136945865271,0.537640599101223,-0.971093389703542,0.507513242764282
COMMUNICATION_time_Jul,-0.44002328538428,0.376157774678874,-1.16978383807148,0.243072202031148,-1.18044544942069,0.300398878652134
COMMUNICATION_time_Jun,0.325337925505641,0.342786250973373,0.949098525923412,0.343380279896714,-0.349396334511472,1.00007218552276
COMMUNICATION_time_Mar,-0.0828786238408403,0.387074485984073,-0.21411543990076,0.830611225174217,-0.844789045073736,0.679031797392056
COMMUNICATION_time_May,-0.282282388384435,0.373182089579522,-0.756419979057657,0.450026651973265,-1.01684726766146,0.452282490892587
COMMUNICATION_time_Nov,-0.229174940307197,0.370031870555107,-0.619338382835505,0.536191733883596,-0.957538985401709,0.499189104787315
COMMUNICATION_time_Oct,0.106383570326205,0.341439335202428,0.311573856196543,0.755593811320545,-0.565699445034995,0.778466585687404
COMMUNICATION_time_Sep,0.215777179625229,0.383118853554247,0.56321211452643,0.573736404622815,-0.538347046237055,0.969901405487513
COMMUNICATION_VAT1,-2.23834660264016,0.722597227255686,-3.09764073014929,0.00214668614501168,-3.66069392269255,-0.815999282587764
COMMUNICATION_VAT2,0.858034475664946,0.712910000000643,1.20356633469046,0.229763033893212,-0.545244681370436,2.26131363270033
COMMUNICATION_VAT3,0.817818581253597,0.71953426244515,1.13659435545773,0.256669411288514,-0.598499654233625,2.23413681674082
COMMUNICATION_Recession,0.172200069865163,0.199321120928358,0.863932879080368,0.388356397868902,-0.22014002152848,0.564540161258806
COMMUNICATION_Trend,0.00156354523883156,0.000525841072131364,2.97341786653165,0.00319856786539097,0.000528489177849924,0.00259860129981319
EDUCATION_(Intercept),-0.435423002134828,2.89664303302423,-0.150319869300646,0.88061933849016,-6.13712278697582,5.26627678270616
EDUCATION_lag1,-0.0715306023125677,0.0533763780559503,-1.34011720011402,0.181282196947889,-0.176595700016189,0.0335344953910531
EDUCATION_lag2,0.014056298805589,0.0540163308643783,0.260223132164992,0.794880891126321,-0.0922684704379911,0.120381068049169
EDUCATION_lag3,-0.0411553055970274,0.0533788830774447,-0.771003498468061,0.441348083816719,-0.146225334139676,0.0639147229456207
EDUCATION_lag4,0.015614524003888,0.0526862543970039,0.29636807897234,0.767166374749157,-0.0880921467645296,0.119321194772306
EDUCATION_lag5,0.0177088744646374,0.052713155960378,0.335947907917871,0.73715908558208,-0.0860507488548379,0.121468497784113
EDUCATION_lag6,-0.00903025866732909,0.0528798605200383,-0.17076933597257,0.864527168834237,-0.113118020228594,0.0950575028939354
EDUCATION_lag7,-0.0131220712591454,0.0532339290585491,-0.246498267011499,0.805475247830527,-0.117906774931271,0.0916626324129798
EDUCATION_lag8,-0.0222040910074008,0.0531217617515314,-0.417984838516028,0.676275177270519,-0.126768006579992,0.0823598245651907
EDUCATION_lag9,0.00870601427214357,0.052997043692636,0.164273583308446,0.869633041938534,-0.0956124085277926,0.11302443707208
EDUCATION_lag10,-0.0220365846895111,0.0526410136105928,-0.418620067852888,0.675811336720661,-0.125654204311755,0.081581034932733
EDUCATION_lag11,-0.050935451746392,0.0527708107372598,-0.965220185833305,0.335258616823062,-0.154808561686481,0.0529376581936969
EDUCATION_lag12,0.436547494859106,0.0525454870963301,8.30799216036948,3.99680288865056e-15,0.333117907900745,0.539977081817468
EDUCATION_CPI_lag1,-0.101633696856102,0.358138480354009,-0.283783235902604,0.776784006225107,-0.806587007670446,0.603319613958242
EDUCATION_CPI_lag2,-0.331570049838236,0.359636124620937,-0.921959800861819,0.357334852690081,-1.03947129655533,0.376331196878861
EDUCATION_CPI_lag3,0.816247433087951,0.356683960537267,2.28843324454077,0.0228494323537749,0.114157172788157,1.51833769338774
EDUCATION_CPI_lag4,-0.16858187732257,0.360310698919479,-0.467879188234276,0.640231094491825,-0.877810943894928,0.540647189249788
EDUCATION_CPI_lag5,-0.608135873123388,0.354237347933189,-1.71674691184196,0.0871195806432641,-1.30541026539967,0.0891385191528971
EDUCATION_CPI_lag6,0.423809620199638,0.362304180348811,1.16976188293387,0.243081025182916,-0.289343379182915,1.13696261958219
EDUCATION_CPI_lag7,-0.341073061092669,0.357238012031105,-0.954750193445179,0.340518850795604,-1.04425390633758,0.362107784152247
EDUCATION_CPI_lag8,0.0607694184101093,0.358564414758,0.169479780783945,0.865540355986096,-0.645022293985618,0.766561130805837
EDUCATION_CPI_lag9,-0.0318427156788369,0.352355259048859,-0.0903710526835686,0.92805628673278,-0.725412438216915,0.661727006859241
EDUCATION_CPI_lag10,0.395865890451866,0.353118527681802,1.12105669745141,0.263214107567912,-0.29920623626602,1.09093801716975
EDUCATION_CPI_lag11,0.136223527129061,0.35826682257091,0.380229255255972,0.704060459889727,-0.568982410185044,0.841429464443166
EDUCATION_CPI_lag12,0.00758794920260541,0.348956593437685,0.0217446792675675,0.982666946733218,-0.679291901382646,0.694467799787857
EDUCATION_time_Aug,0.244228418920972,0.607922586035696,0.4017426306096,0.688176665474932,-0.952395410277907,1.44085224811985
EDUCATION_time_Dec,0.238855308764662,0.757909162689504,0.315150311571724,0.752879782653126,-1.25299938667706,1.73071000420639
EDUCATION_time_Apr,1.21478339225803,0.773202325419723,1.5711067495802,0.117275195570929,-0.307174088253967,2.73674087277003
EDUCATION_time_Jan,0.815492336313625,0.766262880712005,1.06424617039504,0.288124400920155,-0.692805666677042,2.32379033930429
EDUCATION_time_Jul,0.696258462058843,0.819808213044217,0.849294323941214,0.396435400115148,-0.917437205178724,2.30995412929641
EDUCATION_time_Jun,-0.0565178486820833,0.719115195819255,-0.0785935953108251,0.937411423832379,-1.47201120099818,1.35897550363401
EDUCATION_time_Mar,-0.0748849847054652,0.780793728269499,-0.095908793826297,0.923660889610801,-1.61178524536045,1.46201527594952
EDUCATION_time_May,0.566111566719036,0.784249956965451,0.721850937562723,0.470982123937152,-0.977591872024312,2.10981500546238
EDUCATION_time_Nov,0.612296008000217,0.779835088489608,0.785160884702069,0.433016051785239,-0.922717283440951,2.14730929944138
EDUCATION_time_Oct,2.92755787633792,0.714629159352829,4.09661128156193,5.47872574521158e-05,1.5208947571102,4.33422099556565
EDUCATION_time_Sep,2.40636048074129,0.809240822658567,2.97360243497822,0.00319670384230064,0.81346547371669,3.99925548776589
EDUCATION_VAT1,-0.525971592979223,1.29343649100452,-0.406646632159527,0.684574899442484,-3.07194860098022,2.02000541502177
EDUCATION_VAT2,-0.0810682301810813,1.23381739720815,-0.0657052091861573,0.947658916032073,-2.50969209166188,2.34755563129972
EDUCATION_VAT3,-0.136750426022296,1.23737821136925,-0.11051627123042,0.912078279490995,-2.57238332973051,2.29888247768592
EDUCATION_Recession,-0.0238992407868278,0.347653184370061,-0.0687444897998925,0.945241550888945,-0.708213484524531,0.660415002950875
EDUCATION_Trend,6.31197023813428e-07,0.000697910566127905,0.000904409611270664,0.99927902281896,-0.00137312334551475,0.00137438573956238
FOOD.AND.NON-ALCOHOLIC.BEVERAGES_(Intercept),0.535776784228981,0.315581495641788,1.69774461312882,0.0906552412135517,-0.0854081271620416,1.15696169562
FOOD.AND.NON.ALCOHOLIC.BEVERAGES_lag1,0.102740438981217,0.065203989702183,1.57567718555997,0.11621740575262,-0.0256059156842257,0.231086793646659
FOOD.AND.NON.ALCOHOLIC.BEVERAGES_lag2,-0.0365743003898319,0.0655954642485599,-0.557573618981359,0.577576334376977,-0.165691226475846,0.0925426256961827
FOOD.AND.NON.ALCOHOLIC.BEVERAGES_lag3,-0.0502077417876724,0.0660128556364497,-0.760575213776234,0.447544040207287,-0.180146253536606,0.0797307699612608
FOOD.AND.NON.ALCOHOLIC.BEVERAGES_lag4,-0.173136379893944,0.0656723049047476,-2.63636825515815,0.00884250929631869,-0.302404557738583,-0.0438682020493044
FOOD.AND.NON.ALCOHOLIC.BEVERAGES_lag5,0.0367269476703159,0.0655269585012898,0.560486073370748,0.575591375174901,-0.0922551329411211,0.165709028281753
FOOD.AND.NON.ALCOHOLIC.BEVERAGES_lag6,-0.0542850070620465,0.0667756249623643,-0.812946447040253,0.416932136231845,-0.185724940163859,0.0771549260397657
FOOD.AND.NON.ALCOHOLIC.BEVERAGES_lag7,-0.0334062112308701,0.0659986874098422,-0.506164782087595,0.613135044865462,-0.163316834498662,0.0965044120369219
FOOD.AND.NON.ALCOHOLIC.BEVERAGES_lag8,-0.0850815814648298,0.0656092777024125,-1.29679192401323,0.195759109048274,-0.214225697703708,0.0440625347740484
FOOD.AND.NON.ALCOHOLIC.BEVERAGES_lag9,-0.0216478755821978,0.0641798017965138,-0.337300443071385,0.736140454988477,-0.147978237287923,0.104682486123527
FOOD.AND.NON.ALCOHOLIC.BEVERAGES_lag10,0.0328015011879491,0.0648966722453946,0.505441959549426,0.613641875268347,-0.0949399353507959,0.160542937726694
FOOD.AND.NON.ALCOHOLIC.BEVERAGES_lag11,-0.0862891006741429,0.0653085648311066,-1.32125244058407,0.18748443950121,-0.214841299132999,0.0422630977847135
FOOD.AND.NON.ALCOHOLIC.BEVERAGES_lag12,0.115970530466612,0.0649705516383942,1.78497069121511,0.0753370537453981,-0.0119163289338279,0.243857389867051
FOOD.AND.NON.ALCOHOLIC.BEVERAGES_CPI_lag1,0.166998879631747,0.193153072582984,0.864593440831752,0.387994227582035,-0.213200136896005,0.5471978961595
FOOD.AND.NON.ALCOHOLIC.BEVERAGES_CPI_lag2,0.106076389198659,0.190618738813254,0.556484582046159,0.578319389802237,-0.269134090548811,0.48128686894613
FOOD.AND.NON.ALCOHOLIC.BEVERAGES_CPI_lag3,0.068123036086388,0.189529792205932,0.359431809076061,0.719540129007827,-0.304943980843647,0.441190053016423
FOOD.AND.NON.ALCOHOLIC.BEVERAGES_CPI_lag4,0.561994379431075,0.188914268105645,2.97486465721475,0.00318398285883781,0.190138949013482,0.933849809848668
FOOD.AND.NON.ALCOHOLIC.BEVERAGES_CPI_lag5,-0.0735065441643892,0.189039922199172,-0.388841379689857,0.697685880758756,-0.445609309828287,0.298596221499508
FOOD.AND.NON.ALCOHOLIC.BEVERAGES_CPI_lag6,0.198853866848533,0.190294610666238,1.04497897314237,0.296924438748595,-0.175718604913477,0.573426338610542
FOOD.AND.NON.ALCOHOLIC.BEVERAGES_CPI_lag7,0.0675905056510489,0.187081862158223,0.361288394670163,0.718153438414163,-0.300658050023249,0.435839061325346
FOOD.AND.NON.ALCOHOLIC.BEVERAGES_CPI_lag8,0.457737024075431,0.186627553690839,2.45267654761045,0.014783486370296,0.0903827209759929,0.82509132717487
FOOD.AND.NON.ALCOHOLIC.BEVERAGES_CPI_lag9,-0.0482144392330608,0.185259058653012,-0.260254152124166,0.794856988736784,-0.412875021437732,0.316446142971611
FOOD.AND.NON.ALCOHOLIC.BEVERAGES_CPI_lag10,-0.102620011196305,0.186168891898597,-0.551219971015353,0.581917817297042,-0.469071492714925,0.263831470322315
FOOD.AND.NON.ALCOHOLIC.BEVERAGES_CPI_lag11,0.214752579209115,0.186410554945037,1.15204087704387,0.250276544980894,-0.152174587481679,0.581679745899909
FOOD.AND.NON.ALCOHOLIC.BEVERAGES_CPI_lag12,0.0987682243613909,0.185645674602409,0.532025454258062,0.595125774143603,-0.266653365689384,0.464189814412166
FOOD.AND.NON.ALCOHOLIC.BEVERAGES_time_Aug,-0.566784694993757,0.231908103024651,-2.44400556772917,0.0151358669095432,-1.02326841288495,-0.11030097710256
FOOD.AND.NON.ALCOHOLIC.BEVERAGES_time_Dec,-0.275133186155026,0.318450900741448,-0.863973647160159,0.388334039709227,-0.901966182675224,0.351699810365171
FOOD.AND.NON.ALCOHOLIC.BEVERAGES_time_Apr,-0.861179083344558,0.323102397540823,-2.66534414445424,0.00813278459177291,-1.49716800208155,-0.225190164607566
FOOD.AND.NON.ALCOHOLIC.BEVERAGES_time_Jan,-0.62433251280204,0.352127197453975,-1.7730312151865,0.0772991007545889,-1.31745332301932,0.0687882974152396
FOOD.AND.NON.ALCOHOLIC.BEVERAGES_time_Jul,-0.816294491988142,0.3556749699981,-2.29505745651009,0.0224615711746403,-1.51639867354973,-0.116190310426559
FOOD.AND.NON.ALCOHOLIC.BEVERAGES_time_Jun,-0.802678122243219,0.321080178646512,-2.49993047103326,0.0129879363759708,-1.43468654186342,-0.170669702623013
FOOD.AND.NON.ALCOHOLIC.BEVERAGES_time_Mar,-0.556597597744878,0.359285381349397,-1.54917964002437,0.122456081958196,-1.26380844774651,0.150613252256752
FOOD.AND.NON.ALCOHOLIC.BEVERAGES_time_May,0.127173984371278,0.364235007193301,0.349153655908165,0.727233603596458,-0.589779619669248,0.844127588411804
FOOD.AND.NON.ALCOHOLIC.BEVERAGES_time_Nov,-0.321576932297635,0.356613741987898,-0.901751375325709,0.367955760225713,-1.02352897567416,0.380375111078892
FOOD.AND.NON.ALCOHOLIC.BEVERAGES_time_Oct,-0.817814239018421,0.312812252850822,-2.61439323928411,0.00941732894983005,-1.43354822295811,-0.202080255078731
FOOD.AND.NON.ALCOHOLIC.BEVERAGES_time_Sep,-0.390118023962744,0.356656936337582,-1.09381869302407,0.274964649151395,-1.09215509031638,0.311919042390895
FOOD.AND.NON.ALCOHOLIC.BEVERAGES_VAT1,-0.496520325847861,0.638117560219533,-0.778101648976785,0.437159127925157,-1.75257939640871,0.759538744712986
FOOD.AND.NON.ALCOHOLIC.BEVERAGES_VAT2,-0.376888431503164,0.613487950442438,-0.614337137724316,0.539486130701854,-1.58446702339759,0.830690160391258
FOOD.AND.NON.ALCOHOLIC.BEVERAGES_VAT3,0.0200039226286222,0.620558827232582,0.032235336523744,0.97430709896229,-1.20149285532234,1.24150070057958
FOOD.AND.NON.ALCOHOLIC.BEVERAGES_Recession,0.552737435980796,0.198596466603678,2.78321888316294,0.00574458370806052,0.16182374106059,0.943651130901002
FOOD.AND.NON.ALCOHOLIC.BEVERAGES_Trend,-0.000229910843844615,0.000344956434926595,-0.666492404739569,0.50563939084824,-0.000908916854725774,0.000449095167036544
FURNITURE,.HOUSEHOLD.EQUIPMENT.AND.MAINTENANCE_(Intercept),-1.10737059136113,0.673133425391554,-1.64509820726401,0.101059781656937,-2.43235425795992,0.217613075237667
FURNITURE..HOUSEHOLD.EQUIPMENT.AND.MAINTENANCE_lag1,-0.327070441777918,0.0539455658497934,-6.06297174986757,4.2618046869336e-09,-0.433255918445978,-0.220884965109858
FURNITURE..HOUSEHOLD.EQUIPMENT.AND.MAINTENANCE_lag2,-0.252336139965146,0.0563794068924512,-4.47567922178571,1.10510436670541e-05,-0.363312345346081,-0.141359934584211
FURNITURE..HOUSEHOLD.EQUIPMENT.AND.MAINTENANCE_lag3,-0.0981114583749427,0.0573282539684691,-1.71139798586757,0.0881033244192944,-0.210955357188413,0.0147324404385275
FURNITURE..HOUSEHOLD.EQUIPMENT.AND.MAINTENANCE_lag4,-0.0664359548196094,0.0575546364771501,-1.15431108397297,0.249346477168167,-0.179725460870949,0.0468535512317298
FURNITURE..HOUSEHOLD.EQUIPMENT.AND.MAINTENANCE_lag5,-0.0593789542255768,0.0573540499148522,-1.03530534136178,0.301410186082145,-0.172273629313605,0.0535157208624517
FURNITURE..HOUSEHOLD.EQUIPMENT.AND.MAINTENANCE_lag6,0.171249041642931,0.0565630401289524,3.02757845498611,0.00269236932749228,0.0599113759187256,0.282586707367136
FURNITURE..HOUSEHOLD.EQUIPMENT.AND.MAINTENANCE_lag7,0.0863516278873981,0.0552804848005362,1.56206350575566,0.119390558677894,-0.022461479112551,0.195164734887347
FURNITURE..HOUSEHOLD.EQUIPMENT.AND.MAINTENANCE_lag8,0.00162653141095183,0.0547513351285024,0.0297076118259825,0.976321180440048,-0.106145006939776,0.109398069761679
FURNITURE..HOUSEHOLD.EQUIPMENT.AND.MAINTENANCE_lag9,0.0644250578060929,0.0553095166680614,1.16480963290166,0.245076980713311,-0.0444451949970963,0.173295310609282
FURNITURE..HOUSEHOLD.EQUIPMENT.AND.MAINTENANCE_lag10,-0.145478825329124,0.0560127677758838,-2.59724400535264,0.0098889582531454,-0.255733344900584,-0.0352243057576632
FURNITURE..HOUSEHOLD.EQUIPMENT.AND.MAINTENANCE_lag11,-0.129765546252372,0.054996087395902,-2.35954142188743,0.01897668084194,-0.238018850541968,-0.0215122419627758
FURNITURE..HOUSEHOLD.EQUIPMENT.AND.MAINTENANCE_lag12,0.346871701173594,0.0527913889084834,6.57061138843901,2.39997577367035e-10,0.242958085533251,0.450785316813937
FURNITURE..HOUSEHOLD.EQUIPMENT.AND.MAINTENANCE_CPI_lag1,-0.0246882702909414,0.141237897933185,-0.174799190955253,0.861362413236599,-0.302698395486199,0.253321854904316
FURNITURE..HOUSEHOLD.EQUIPMENT.AND.MAINTENANCE_CPI_lag2,0.151589322466199,0.139488564525572,1.08675089590164,0.278071665938647,-0.122977446471456,0.426156091403855
FURNITURE..HOUSEHOLD.EQUIPMENT.AND.MAINTENANCE_CPI_lag3,0.117855932798679,0.139966356689127,0.842030439217926,0.400481915471785,-0.157651313596876,0.393363179194234
FURNITURE..HOUSEHOLD.EQUIPMENT.AND.MAINTENANCE_CPI_lag4,0.0542425510215731,0.142053518768271,0.381845880988404,0.702862244100561,-0.225373027481841,0.333858129524988
FURNITURE..HOUSEHOLD.EQUIPMENT.AND.MAINTENANCE_CPI_lag5,0.0889524073686357,0.138677268475568,0.64143466587177,0.521759464429186,-0.18401742108964,0.361922235826911
FURNITURE..HOUSEHOLD.EQUIPMENT.AND.MAINTENANCE_CPI_lag6,0.185050132891088,0.138996150210765,1.33133279310606,0.184150966832959,-0.0885473766104619,0.458647642392638
FURNITURE..HOUSEHOLD.EQUIPMENT.AND.MAINTENANCE_CPI_lag7,0.465376167753796,0.138932367136489,3.34965981898662,0.000918947425186278,0.191904207702671,0.73884812780492
FURNITURE..HOUSEHOLD.EQUIPMENT.AND.MAINTENANCE_CPI_lag8,0.0142640072107048,0.141745454367917,0.10063114386498,0.919914526896848,-0.2647451828958,0.29327319731721
FURNITURE..HOUSEHOLD.EQUIPMENT.AND.MAINTENANCE_CPI_lag9,-0.166867702743278,0.141504866700034,-1.17923649295405,0.239294448347532,-0.445403324433322,0.111667918946766
FURNITURE..HOUSEHOLD.EQUIPMENT.AND.MAINTENANCE_CPI_lag10,0.201244179623442,0.142830500935644,1.40897202141802,0.15994124047575,-0.079900796533058,0.482389155779943
FURNITURE..HOUSEHOLD.EQUIPMENT.AND.MAINTENANCE_CPI_lag11,0.139327747903129,0.141354253328945,0.985663640264862,0.325140135946922,-0.138911409149835,0.417566904956093
FURNITURE..HOUSEHOLD.EQUIPMENT.AND.MAINTENANCE_CPI_lag12,-0.0345256513987071,0.140191611995491,-0.246274730044602,0.805648101416731,-0.310476286267465,0.241424983470051
FURNITURE..HOUSEHOLD.EQUIPMENT.AND.MAINTENANCE_time_Aug,0.206045250372901,0.203157711744293,1.01421328584485,0.311347301770046,-0.193846717030434,0.605937217776236
FURNITURE..HOUSEHOLD.EQUIPMENT.AND.MAINTENANCE_time_Dec,0.574788388432315,0.281515394619307,2.04176538625748,0.0421019003963561,0.0206585744957627,1.12891820236887
FURNITURE..HOUSEHOLD.EQUIPMENT.AND.MAINTENANCE_time_Apr,-0.205497842121222,0.285197537161919,-0.720545640632765,0.471783850934956,-0.766875518878154,0.35587983463571
FURNITURE..HOUSEHOLD.EQUIPMENT.AND.MAINTENANCE_time_Jan,-0.945995558847937,0.318341597466461,-2.97163665187552,0.003216608237957,-1.57261340477748,-0.319377712918395
FURNITURE..HOUSEHOLD.EQUIPMENT.AND.MAINTENANCE_time_Jul,-0.511995109592797,0.30370658673743,-1.68582155261401,0.0929323404704576,-1.10980566495408,0.0858154457684829
FURNITURE..HOUSEHOLD.EQUIPMENT.AND.MAINTENANCE_time_Jun,-0.590178701834533,0.291421853130955,-2.02516968269132,0.0437885017003774,-1.16380820963065,-0.0165491940384191
FURNITURE..HOUSEHOLD.EQUIPMENT.AND.MAINTENANCE_time_Mar,-0.061533300316494,0.316706666281301,-0.194291143407256,0.84608731399252,-0.68493297725511,0.561866376622122
FURNITURE..HOUSEHOLD.EQUIPMENT.AND.MAINTENANCE_time_May,0.0176209383167133,0.275974353306963,0.0638499125210878,0.949134810551671,-0.525601990063629,0.560843866697056
FURNITURE..HOUSEHOLD.EQUIPMENT.AND.MAINTENANCE_time_Nov,-0.232954454552159,0.26946032014269,-0.864522295634476,0.388033224855982,-0.763355277803309,0.297446368698991
FURNITURE..HOUSEHOLD.EQUIPMENT.AND.MAINTENANCE_time_Oct,0.00207893002591299,0.284092415754367,0.00731779488161515,0.994166452316371,-0.557123445729194,0.56128130578102
FURNITURE..HOUSEHOLD.EQUIPMENT.AND.MAINTENANCE_time_Sep,-0.213012032068505,0.304351137770473,-0.699889061131584,0.484571504757207,-0.812091310031956,0.386067245894945
FURNITURE..HOUSEHOLD.EQUIPMENT.AND.MAINTENANCE_VAT1,-3.08745961545852,0.497513488333433,-6.2057807232541,1.92903426565749e-09,-4.06675617255779,-2.10816305835925
FURNITURE..HOUSEHOLD.EQUIPMENT.AND.MAINTENANCE_VAT2,0.494990391629956,0.488266298754135,1.01377136389093,0.311557801985556,-0.466104164658875,1.45608494791879
FURNITURE..HOUSEHOLD.EQUIPMENT.AND.MAINTENANCE_VAT3,1.44802431722185,0.476287922913956,3.04022891943754,0.00258526565091466,0.510507779408903,2.38554085503479
FURNITURE..HOUSEHOLD.EQUIPMENT.AND.MAINTENANCE_Recession,0.415023394349206,0.131178601884389,3.16380406855514,0.00172681682498799,0.156813805658853,0.67323298303956
FURNITURE..HOUSEHOLD.EQUIPMENT.AND.MAINTENANCE_Trend,0.000544533869580973,0.000292285753759929,1.86301885253097,0.0634954897896809,-3.07961245968546e-05,0.0011198638637588
HEALTH_(Intercept),0.519847530049358,1.08439073941525,0.479391340366556,0.632030495306514,-1.614647599353,2.65434265945172
HEALTH_lag1,-0.382677729549371,0.0567962316765903,-6.7377309770905,8.98690011297276e-11,-0.494474405300644,-0.270881053798098
HEALTH_lag2,-0.3670781023992,0.060529030667762,-6.06449662830478,4.22618207096548e-09,-0.486222352208501,-0.247933852589898
HEALTH_lag3,0.154801968981594,0.064414492613458,2.40321646109266,0.0168951662636954,0.0280096461142003,0.281594291848988
HEALTH_lag4,-0.228696931994535,0.0644524895327308,-3.5483025349765,0.000453746638209074,-0.355564047310971,-0.101829816678099
HEALTH_lag5,-0.233075645235761,0.0659664473146507,-3.53324538039805,0.000479221751481518,-0.362922807682968,-0.103228482788554
HEALTH_lag6,-0.252049458851018,0.0665069480239173,-3.78982145986274,0.000184222874377582,-0.382960533123948,-0.121138384578088
HEALTH_lag7,-0.109423469175178,0.0664988674533666,-1.64549372591817,0.100978192511611,-0.240318637799105,0.0214716994487485
HEALTH_lag8,-0.0102755212478819,0.0653454792127888,-0.157249152836129,0.875160622511546,-0.138900381308356,0.118349338812592
HEALTH_lag9,0.00716648818987179,0.064128864298489,0.111751366069969,0.911099769316747,-0.119063609065517,0.13339658544526
HEALTH_lag10,0.0521356801980664,0.0632294832823451,0.824546991239191,0.410323246081449,-0.0723240917228662,0.176595452118999
HEALTH_lag11,-0.145683315447549,0.0595309809052583,-2.44718486462367,0.0150058089999274,-0.262863022145653,-0.0285036087494456
HEALTH_lag12,-0.094486279254801,0.0566084638726424,-1.66911929402246,0.0961995569720933,-0.20591335625498,0.0169407977453783
HEALTH_CPI_lag1,-0.17345207547259,0.203875972770806,-0.850772521721243,0.395614984400533,-0.574757854896818,0.227853703951639
HEALTH_CPI_lag2,-0.105446561646177,0.203295052453596,-0.518687298945686,0.604384151843984,-0.505608868019056,0.294715744726702
HEALTH_CPI_lag3,-0.0993520246062638,0.202747368859981,-0.490028675414659,0.624493274245622,-0.49843628049371,0.299732231281183
HEALTH_CPI_lag4,-4.065722387044e-05,0.203927232002488,-0.000199371233901435,0.999841065235136,-0.401447334393151,0.40136601994541
HEALTH_CPI_lag5,-0.218710798725686,0.200936774273778,-1.08845580663941,0.277319994083741,-0.614231112958987,0.176809515507615
HEALTH_CPI_lag6,0.133692423723157,0.203606969364279,0.656620076123052,0.511958806827673,-0.267083854258323,0.534468701704637
HEALTH_CPI_lag7,0.285296776105988,0.199224310092274,1.43203796752438,0.153236495762451,-0.106852754587915,0.677446306799891
HEALTH_CPI_lag8,0.340056533697426,0.200735605726627,1.69405189710357,0.0913556125904382,-0.0550678040040989,0.735180871398951
HEALTH_CPI_lag9,-0.211204413691881,0.198946438245552,-1.06161445037382,0.289315867519589,-0.602806986465665,0.180398159081903
HEALTH_CPI_lag10,-0.173083695369321,0.200033996483671,-0.865271395922192,0.387622736154547,-0.566826998119699,0.220659607381057
HEALTH_CPI_lag11,0.0128934322809366,0.201993978103982,0.0638307755605431,0.949150034988887,-0.384707862861121,0.410494727422994
HEALTH_CPI_lag12,0.372945067701695,0.197944542858298,1.88408865592559,0.0605779457857092,-0.016685392302647,0.762575527706037
HEALTH_time_Aug,0.148032349867852,0.266998516564918,0.554431357044112,0.579721543349525,-0.377522703721771,0.673587403457475
HEALTH_time_Dec,-0.565725504570122,0.369860569761437,-1.5295642488601,0.127241591343061,-1.2937523642789,0.162301355138661
HEALTH_time_Apr,0.0609758348937434,0.376396783116073,0.16199882047063,0.871422383561486,-0.679916789030001,0.801868458817488
HEALTH_time_Jan,0.333810872702565,0.403056291356923,0.828199137095125,0.40825562234454,-0.459557845330062,1.12717959073519
HEALTH_time_Jul,0.191997137893329,0.402130147803577,0.477450245752555,0.633410070997804,-0.599548575910389,0.983542851697047
HEALTH_time_Jun,-0.299937911627018,0.364960655322014,-0.821836291811717,0.41186191668927,-1.01831986832687,0.418444045072838
HEALTH_time_Mar,-0.0485626267161558,0.416226311151228,-0.11667361100224,0.907201456577612,-0.867854973643139,0.770729720210828
HEALTH_time_May,0.082305065854344,0.405038629501632,0.203203003021252,0.839122392088886,-0.714965650748459,0.879575782457147
HEALTH_time_Nov,-0.513126595981796,0.400160024244693,-1.28230349083552,0.200785584315137,-1.30079435418528,0.274541162221686
HEALTH_time_Oct,-0.634010420257153,0.36087175987096,-1.75688566066755,0.0800187144457567,-1.34434386906435,0.0763230285500451
HEALTH_time_Sep,0.375418814267743,0.406445830333058,0.923662604584011,0.356448864654991,-0.424621811014277,1.17545943954976
HEALTH_VAT1,-0.902212255369907,0.754852600343788,-1.19521646339829,0.233003086537902,-2.38805046874248,0.583625958002667
HEALTH_VAT2,0.562383630682075,0.727213800161116,0.773340151902339,0.439966567697631,-0.869050868025571,1.99381812938972
HEALTH_VAT3,0.582705130377735,0.732588531611169,0.79540574993196,0.427044133204144,-0.859308892559498,2.02471915331497
HEALTH_Recession,-0.0238786609177933,0.201041542434198,-0.118774759826611,0.905538070181848,-0.419605198904216,0.37184787706863
HEALTH_Trend,4.25705656357481e-05,0.000411991515046848,0.103328743629362,0.917775247323478,-0.000768386085189952,0.000853527216461448
HOUSING,.WATER,.ELELCTRICITY,.GAS.AND.OTHER.FUELS_(Intercept),0.614821915873963,0.647094240111817,0.950127319581337,0.342858257113149,-0.658906689119294,1.88855052086722
HOUSING..WATER..ELELCTRICITY..GAS.AND.OTHER.FUELS_lag1,0.18416978003629,0.0608902798464649,3.02461707354072,0.00271802333692372,0.0643144538737751,0.304025106198805
HOUSING..WATER..ELELCTRICITY..GAS.AND.OTHER.FUELS_lag2,0.055784983128751,0.0622610810680559,0.895984813816096,0.37102235936394,-0.066768603378963,0.178338569636465
HOUSING..WATER..ELELCTRICITY..GAS.AND.OTHER.FUELS_lag3,-0.132966494416029,0.0673409652789165,-1.97452611297301,0.0492939544371502,-0.26551923317753,-0.000413755654528364
HOUSING..WATER..ELELCTRICITY..GAS.AND.OTHER.FUELS_lag4,0.0173961512766174,0.0641262999458702,0.271279510767059,0.786373836430936,-0.108828898353431,0.143621200906666
HOUSING..WATER..ELELCTRICITY..GAS.AND.OTHER.FUELS_lag5,-0.0199645514564393,0.0646967592311395,-0.308586576726552,0.757863066050334,-0.147312482831666,0.107383379918787
HOUSING..WATER..ELELCTRICITY..GAS.AND.OTHER.FUELS_lag6,0.024718762809667,0.063662665549643,0.388277220192606,0.698102814178106,-0.100593677255766,0.1500312028751
HOUSING..WATER..ELELCTRICITY..GAS.AND.OTHER.FUELS_lag7,0.0492408810256436,0.0631560177320627,0.779670454121195,0.436236416077762,-0.0750742826341181,0.173556044685405
HOUSING..WATER..ELELCTRICITY..GAS.AND.OTHER.FUELS_lag8,-0.0924916564753003,0.062983805460639,-1.46849901810239,0.143079343600989,-0.216467840612998,0.0314845276623977
HOUSING..WATER..ELELCTRICITY..GAS.AND.OTHER.FUELS_lag9,0.0299967751909916,0.0655159421624712,0.457854595399137,0.647408246080827,-0.0989636210582525,0.158957171440236
HOUSING..WATER..ELELCTRICITY..GAS.AND.OTHER.FUELS_lag10,-0.0204167848823271,0.0656494533177034,-0.310997028162934,0.756031828109595,-0.149639982076107,0.108806412311453
HOUSING..WATER..ELELCTRICITY..GAS.AND.OTHER.FUELS_lag11,-0.0795567246128672,0.0631164028039422,-1.26047621661826,0.208535899420767,-0.203793910964218,0.0446804617384841
HOUSING..WATER..ELELCTRICITY..GAS.AND.OTHER.FUELS_lag12,0.172533347822158,0.0621837059232152,2.77457487070976,0.0058952569260049,0.0501320651508718,0.294934630493445
HOUSING..WATER..ELELCTRICITY..GAS.AND.OTHER.FUELS_CPI_lag1,0.0825671155812935,0.180540923524745,0.457331855677456,0.647783417126645,-0.272806374724587,0.437940605887174
HOUSING..WATER..ELELCTRICITY..GAS.AND.OTHER.FUELS_CPI_lag2,0.138608077994847,0.179580178792287,0.771845082942979,0.440850220275606,-0.214874299746629,0.492090455736324
HOUSING..WATER..ELELCTRICITY..GAS.AND.OTHER.FUELS_CPI_lag3,0.431787413590112,0.178556431836209,2.41821260175155,0.0162284165921096,0.0803201608511471,0.783254666329077
HOUSING..WATER..ELELCTRICITY..GAS.AND.OTHER.FUELS_CPI_lag4,0.185307054239909,0.1811952293381,1.0226927878666,0.307326534741072,-0.171354359801375,0.541968468281194
HOUSING..WATER..ELELCTRICITY..GAS.AND.OTHER.FUELS_CPI_lag5,0.185590896042814,0.179172834832637,1.03582050379552,0.301170163145176,-0.167089673211869,0.538271465297497
HOUSING..WATER..ELELCTRICITY..GAS.AND.OTHER.FUELS_CPI_lag6,-0.364219579170493,0.181211154422631,-2.00991809985956,0.0453887417583407,-0.720912339860298,-0.00752681848068681
HOUSING..WATER..ELELCTRICITY..GAS.AND.OTHER.FUELS_CPI_lag7,0.102849060726516,0.181880131570323,0.565477162560495,0.572197292353476,-0.255160502487995,0.460858623941026
HOUSING..WATER..ELELCTRICITY..GAS.AND.OTHER.FUELS_CPI_lag8,0.027582999552482,0.181993151068998,0.151560646048843,0.879641458656263,-0.330649029200216,0.38581502830518
HOUSING..WATER..ELELCTRICITY..GAS.AND.OTHER.FUELS_CPI_lag9,0.0381404961410781,0.18067970762055,0.211094519929033,0.832965441299068,-0.317506174270246,0.393787166552402
HOUSING..WATER..ELELCTRICITY..GAS.AND.OTHER.FUELS_CPI_lag10,0.137737049207791,0.178741437857289,0.770593830165802,0.441590552017416,-0.214094366038793,0.489568464454375
HOUSING..WATER..ELELCTRICITY..GAS.AND.OTHER.FUELS_CPI_lag11,0.183855584225202,0.182363573685489,1.00818151624011,0.314228550356896,-0.175105577709828,0.542816746160231
HOUSING..WATER..ELELCTRICITY..GAS.AND.OTHER.FUELS_CPI_lag12,-0.101595496753498,0.180077211702671,-0.564177420301489,0.573080233053275,-0.456056225091125,0.252865231584129
HOUSING..WATER..ELELCTRICITY..GAS.AND.OTHER.FUELS_time_Aug,-0.0499950954433212,0.238857595425597,-0.209309213526326,0.834357448085836,-0.520158068553571,0.420167877666929
HOUSING..WATER..ELELCTRICITY..GAS.AND.OTHER.FUELS_time_Dec,0.164701838265787,0.318744498542679,0.51672056778647,0.605754794092396,-0.462709070859115,0.792112747390688
HOUSING..WATER..ELELCTRICITY..GAS.AND.OTHER.FUELS_time_Apr,0.952712491786526,0.312030039280485,3.05327171058082,0.00247895276311327,0.338518202898951,1.5669067806741
HOUSING..WATER..ELELCTRICITY..GAS.AND.OTHER.FUELS_time_Jan,-0.621785038579586,0.356483671668167,-1.74421744387321,0.0822068964075795,-1.32348105388998,0.079910976730806
HOUSING..WATER..ELELCTRICITY..GAS.AND.OTHER.FUELS_time_Jul,-0.583557526159944,0.340222003717561,-1.71522570493233,0.087398441120154,-1.25324436823151,0.0861293159116179
HOUSING..WATER..ELELCTRICITY..GAS.AND.OTHER.FUELS_time_Jun,-0.227724694400711,0.316360457083874,-0.719826670184434,0.472225772881279,-0.850442899413387,0.394993510611966
HOUSING..WATER..ELELCTRICITY..GAS.AND.OTHER.FUELS_time_Mar,-0.140861038031011,0.355933446926877,-0.395751057528317,0.692586865107761,-0.841474000906824,0.559751924844802
HOUSING..WATER..ELELCTRICITY..GAS.AND.OTHER.FUELS_time_May,-0.418174848436821,0.337035289952302,-1.24074499289378,0.215727550148748,-1.08158902073769,0.245239323864053
HOUSING..WATER..ELELCTRICITY..GAS.AND.OTHER.FUELS_time_Nov,-0.194403537880408,0.330051288800536,-0.589010085635189,0.556324366679947,-0.844070528560916,0.455263452800099
HOUSING..WATER..ELELCTRICITY..GAS.AND.OTHER.FUELS_time_Oct,0.0624142299573755,0.316485141848508,0.197210616564272,0.843804286324968,-0.560549402292134,0.685377862206885
HOUSING..WATER..ELELCTRICITY..GAS.AND.OTHER.FUELS_time_Sep,0.155609523454845,0.339340615283233,0.458564393551785,0.646898967070536,-0.512342409555063,0.823561456464754
HOUSING..WATER..ELELCTRICITY..GAS.AND.OTHER.FUELS_VAT1,0.0198482212702932,0.709405585867126,0.0279786650481927,0.977698886889936,-1.37653291033245,1.41622935287304
HOUSING..WATER..ELELCTRICITY..GAS.AND.OTHER.FUELS_VAT2,0.35448096848185,0.60980256233395,0.581304491613014,0.561497944899195,-0.845843372078992,1.55480530904269
HOUSING..WATER..ELELCTRICITY..GAS.AND.OTHER.FUELS_VAT3,0.118288022575364,0.613503954353044,0.192807270003829,0.847248202204466,-1.0893220711274,1.32589811627813
HOUSING..WATER..ELELCTRICITY..GAS.AND.OTHER.FUELS_Recession,0.149686466591694,0.18453262768546,0.811165312439153,0.417952417397217,-0.213544222027827,0.512917155211215
HOUSING..WATER..ELELCTRICITY..GAS.AND.OTHER.FUELS_Trend,-0.000287538046169823,0.000343728573080462,-0.836526459214418,0.403564587692399,-0.000964127155988582,0.000389051063648935
MISCELLANEOUS.GOODS.AND.SERVICES_(Intercept),2.47347783914147,1.04775068311752,2.36075039510524,0.0189161582010557,0.411104334229109,4.53585134405382
MISCELLANEOUS.GOODS.AND.SERVICES_lag1,-0.131061890225526,0.0582267418441178,-2.25088827014225,0.0251601655415485,-0.245674356331846,-0.0164494241192053
MISCELLANEOUS.GOODS.AND.SERVICES_lag2,0.00103063510585928,0.0582550014477479,0.017691787490276,0.985897198642385,-0.11363745669341,0.115698726905128
MISCELLANEOUS.GOODS.AND.SERVICES_lag3,0.0977545942001989,0.0588602400352539,1.66079163356537,0.0978627596602735,-0.0181048382940806,0.213614026694478
MISCELLANEOUS.GOODS.AND.SERVICES_lag4,0.0346719199094621,0.0584874005753795,0.592810067952608,0.553781670511852,-0.0804536221316584,0.149797461950583
MISCELLANEOUS.GOODS.AND.SERVICES_lag5,0.0575541790522263,0.0579524155951346,0.993128214953274,0.321495853207203,-0.0565183082244724,0.171626666328925
MISCELLANEOUS.GOODS.AND.SERVICES_lag6,0.0729237986459246,0.0583518870027259,1.24972477141173,0.212432631197431,-0.0419350009284049,0.187782598220254
MISCELLANEOUS.GOODS.AND.SERVICES_lag7,-0.0024059131243201,0.058235014934355,-0.0413138577715168,0.96707481734072,-0.117034663831914,0.112222837583274
MISCELLANEOUS.GOODS.AND.SERVICES_lag8,-0.0720492691567848,0.0580939969170241,-1.24021883465331,0.215921752846779,-0.186400442548187,0.0423019042346169
MISCELLANEOUS.GOODS.AND.SERVICES_lag9,0.0702405236660901,0.0585617956802811,1.19942571518075,0.23136569482457,-0.0450314563547106,0.185512503686891
MISCELLANEOUS.GOODS.AND.SERVICES_lag10,-0.0130289718136248,0.0578477650678239,-0.225228611655937,0.821963984248122,-0.126895466884087,0.100837523256838
MISCELLANEOUS.GOODS.AND.SERVICES_lag11,0.00727551139789434,0.0579275099071547,0.125596826267095,0.900140251629935,-0.106747951972794,0.121298974768583
MISCELLANEOUS.GOODS.AND.SERVICES_lag12,0.124445343097889,0.0569276394997986,2.18602675591932,0.0296329304049108,0.0123900065628156,0.236500679632963
MISCELLANEOUS.GOODS.AND.SERVICES_CPI_lag1,0.204767725441614,0.0890794016358099,2.29871015836839,0.0222501688477605,0.0294254415115209,0.380110009371707
MISCELLANEOUS.GOODS.AND.SERVICES_CPI_lag2,-0.0939351327011587,0.0891381915675147,-1.05381465620167,0.292866667561918,-0.2693931376701,0.0815228722677823
MISCELLANEOUS.GOODS.AND.SERVICES_CPI_lag3,-0.0122292405506559,0.0890536845383821,-0.137324363545959,0.890872061841026,-0.187520903411049,0.163062422309737
MISCELLANEOUS.GOODS.AND.SERVICES_CPI_lag4,1.40961441515496e-05,0.0892064092984073,0.000158017167851652,0.999874031870157,-0.175578187373136,0.175606379661439
MISCELLANEOUS.GOODS.AND.SERVICES_CPI_lag5,-0.0222008914673371,0.0878240124540848,-0.252788398605039,0.800615249300801,-0.19507209002525,0.150670307090576
MISCELLANEOUS.GOODS.AND.SERVICES_CPI_lag6,-0.0148447315634122,0.0891434576408627,-0.166526315629556,0.867861690725247,-0.190313102175939,0.160623639049114
MISCELLANEOUS.GOODS.AND.SERVICES_CPI_lag7,0.0891763723256385,0.0883946817768324,1.00884318528098,0.313911626966813,-0.0848181214114284,0.263170866062705
MISCELLANEOUS.GOODS.AND.SERVICES_CPI_lag8,-0.0757120605268935,0.0889442304296117,-0.851230711213025,0.395360893809194,-0.250788275898138,0.0993641548443507
MISCELLANEOUS.GOODS.AND.SERVICES_CPI_lag9,-0.0539001613315196,0.0881655722036897,-0.611351573911341,0.541457613421388,-0.227443679926327,0.119643357263288
MISCELLANEOUS.GOODS.AND.SERVICES_CPI_lag10,-0.0229337686162976,0.0886253122345591,-0.258772217982152,0.795999107092179,-0.197382231177347,0.151514693944751
MISCELLANEOUS.GOODS.AND.SERVICES_CPI_lag11,0.0659706126538848,0.0893682425820212,0.738188541565396,0.461011581037857,-0.109940220573478,0.241881445881248
MISCELLANEOUS.GOODS.AND.SERVICES_CPI_lag12,-0.0832739451856672,0.0881661701989725,-0.944511313100426,0.345714096828147,-0.25681864086358,0.0902707504922453
MISCELLANEOUS.GOODS.AND.SERVICES_time_Aug,-0.073258241840705,0.111623520150449,-0.65629754143182,0.512165962377914,-0.29297596113473,0.14645947745332
MISCELLANEOUS.GOODS.AND.SERVICES_time_Dec,-0.331854328409817,0.157462619810501,-2.10751179428609,0.0359527973560487,-0.641800902861098,-0.0219077539585361
MISCELLANEOUS.GOODS.AND.SERVICES_time_Apr,-0.231139706249304,0.161477722848628,-1.43140305778264,0.153418127598234,-0.548989536941553,0.0867101244429447
MISCELLANEOUS.GOODS.AND.SERVICES_time_Jan,-0.526525147739655,0.173284761687917,-3.03849653374552,0.00259969755311928,-0.867615740252423,-0.185434555226886
MISCELLANEOUS.GOODS.AND.SERVICES_time_Jul,-0.495334094518716,0.173302356351914,-2.85820749899599,0.00457687654722116,-0.836459320050045,-0.154208868987386
MISCELLANEOUS.GOODS.AND.SERVICES_time_Jun,-0.37746427598877,0.156868643096579,-2.40624428526724,0.0167586296399265,-0.686241677413429,-0.0686868745641109
MISCELLANEOUS.GOODS.AND.SERVICES_time_Mar,-0.446005539079902,0.178500530217249,-2.49862304911408,0.0130348824045949,-0.797362756082615,-0.0946483220771894
MISCELLANEOUS.GOODS.AND.SERVICES_time_May,-0.329273255097295,0.173946799558525,-1.89295379928224,0.0593842122612176,-0.671666990987196,0.0131204807926052
MISCELLANEOUS.GOODS.AND.SERVICES_time_Nov,-0.337139457429662,0.171709293437121,-1.96343162726437,0.0505750344877498,-0.675128926716624,0.000850011857298938
MISCELLANEOUS.GOODS.AND.SERVICES_time_Oct,-0.252305399139538,0.157721737992365,-1.5996869065173,0.11078381870404,-0.562762017136033,0.0581512188569576
MISCELLANEOUS.GOODS.AND.SERVICES_time_Sep,-0.360540825767814,0.17335786694946,-2.07974885773672,0.0384485853169358,-0.701775317355912,-0.0193063341797156
MISCELLANEOUS.GOODS.AND.SERVICES_VAT1,-0.494557958411531,0.331281971398272,-1.49286107035679,0.136587539038803,-1.1466474024709,0.157531485647842
MISCELLANEOUS.GOODS.AND.SERVICES_VAT2,0.440053119522936,0.321034850543014,1.37073317360595,0.171544304561758,-0.191866077077721,1.07197231612359
MISCELLANEOUS.GOODS.AND.SERVICES_VAT3,-0.344330995576352,0.325002338822897,-1.05947236202503,0.290288121398341,-0.98405972438856,0.295397733235856
MISCELLANEOUS.GOODS.AND.SERVICES_Recession,0.0801338181081283,0.0883556301457641,0.906946370886927,0.365206740860738,-0.0937838071042632,0.25405144332052
MISCELLANEOUS.GOODS.AND.SERVICES_Trend,-0.000416259772571006,0.000211419877733032,-1.96887717954616,0.0499427746679797,-0.000832414838154972,-1.04706987040591e-07
RECREATION.&.CULTURE_(Intercept),-0.123304530454915,0.656852983185112,-0.187720134659365,0.851230568349163,-1.41624206890907,1.16963300799924
RECREATION...CULTURE_lag1,-0.160728851892414,0.0587056840427696,-2.73787546322288,0.00657563588350207,-0.276284059164929,-0.0451736446198984
RECREATION...CULTURE_lag2,0.0332718419259223,0.0594230978021717,0.559914295223875,0.575980810174609,-0.0836955096222217,0.150239193474066
RECREATION...CULTURE_lag3,0.0507029241732149,0.0594351230374998,0.853080158364012,0.394336284653011,-0.0662880976307741,0.167693945977204
RECREATION...CULTURE_lag4,0.126296254002697,0.0592509611325405,2.1315477688232,0.0339054944202983,0.00966773316341464,0.242924774841979
RECREATION...CULTURE_lag5,0.175383388791983,0.059919463137071,2.92698531678726,0.00370043173980283,0.0574390006912043,0.293327776892761
RECREATION...CULTURE_lag6,0.170757346410778,0.0616282087735729,2.77076601460469,0.00596277827435587,0.0494494942873658,0.292065198534191
RECREATION...CULTURE_lag7,-0.0697650743763794,0.0624733108400193,-1.11671805829265,0.265062109823437,-0.19273641013084,0.0532062613780813
RECREATION...CULTURE_lag8,-0.0093746678611226,0.0607009455842237,-0.154440227757492,0.877372718858752,-0.128857311884356,0.110107976162111
RECREATION...CULTURE_lag9,0.091791137969813,0.0625656469335676,1.46711721957062,0.143454567879646,-0.0313619504820686,0.214944226421695
RECREATION...CULTURE_lag10,0.0109453619053443,0.061947870879919,0.176686652016839,0.859880904218437,-0.110991707329806,0.132882431140495
RECREATION...CULTURE_lag11,0.0284427256920019,0.06264772298512,0.454010526428192,0.650169237906278,-0.0948719197761022,0.151757371160106
RECREATION...CULTURE_lag12,0.1673942708868,0.0623364532848388,2.68533517814868,0.00767345870194625,0.0446923230700413,0.290096218703558
RECREATION...CULTURE_CPI_lag1,-0.0433396866486986,0.0898317762428394,-0.482453853873932,0.629856522164911,-0.220162931154918,0.133483557857521
RECREATION...CULTURE_CPI_lag2,-0.0635788615095477,0.0898299718449748,-0.707768912799725,0.479671248547145,-0.240398554271628,0.113240831252533
RECREATION...CULTURE_CPI_lag3,0.0395736580172454,0.0892560649876609,0.443372201348067,0.657835297895623,-0.136116366861164,0.215263682895655
RECREATION...CULTURE_CPI_lag4,-0.0976993866723181,0.0902731308723754,-1.0822642986698,0.280056403228361,-0.27539138565314,0.0799926123085035
RECREATION...CULTURE_CPI_lag5,-0.118513837832984,0.0894221656900838,-1.32532954126525,0.186130828605125,-0.294530812331513,0.0575031366655445
RECREATION...CULTURE_CPI_lag6,-0.140370244456782,0.0901484922214155,-1.55710030193313,0.12056424300825,-0.317816906970093,0.037076418056529
RECREATION...CULTURE_CPI_lag7,-0.0155327216917948,0.0898873550941718,-0.172802077394777,0.862930524884815,-0.192465366604302,0.161399923220713
RECREATION...CULTURE_CPI_lag8,0.0549847758605556,0.0899881213053091,0.611022600127464,0.541675068458424,-0.122146215440447,0.232115767161559
RECREATION...CULTURE_CPI_lag9,0.0125198153117459,0.0901514480434507,0.138875365659259,0.88964740919952,-0.164932665388228,0.18997229601172
RECREATION...CULTURE_CPI_lag10,-0.0319933092503906,0.0906678512493015,-0.352862771197934,0.724453993886234,-0.210462268685964,0.146475650185183
RECREATION...CULTURE_CPI_lag11,0.126856356040778,0.0908754421736761,1.39593660296406,0.16382771302857,-0.052021221617803,0.305733933699359
RECREATION...CULTURE_CPI_lag12,0.0658610776029318,0.0894199906945547,0.73653639517704,0.462014435010767,-0.110151615673714,0.241873770879577
RECREATION...CULTURE_time_Aug,-0.0754339717932723,0.112198990509419,-0.672323088209421,0.501926571736098,-0.296284436539365,0.14541649295282
RECREATION...CULTURE_time_Dec,0.0374256479160819,0.158632953965274,0.235926060636017,0.8136606956855,-0.274824591129832,0.349675886961995
RECREATION...CULTURE_time_Apr,0.205418198166117,0.15845390324777,1.29639089953443,0.195896977295763,-0.106479600684082,0.517315997016317
RECREATION...CULTURE_time_Jan,-0.41130906278192,0.169256158175392,-2.43009806683488,0.0157165957047141,-0.744469824963959,-0.0781483005998809
RECREATION...CULTURE_time_Jul,-0.156314690984395,0.169616335416284,-0.921578046128377,0.35753367513215,-0.490184419536638,0.177555037567848
RECREATION...CULTURE_time_Jun,0.0505909148253229,0.155873291439507,0.324564358384367,0.745750582745319,-0.256227254390096,0.357409084040741
RECREATION...CULTURE_time_Mar,-0.0504582190373734,0.173550160017164,-0.290741414657198,0.771462046589531,-0.392071216823941,0.291154778749194
RECREATION...CULTURE_time_May,0.0105178495617686,0.172718585455057,0.0608958759942221,0.951485116225739,-0.329458291888762,0.350493991012299
RECREATION...CULTURE_time_Nov,0.0110375627025798,0.17151907843986,0.0643518074081182,0.948735534015025,-0.326577490822206,0.348652616227365
RECREATION...CULTURE_time_Oct,0.340039765760171,0.155695948455549,2.1839988075043,0.0297832122979451,0.0335706752686218,0.64650885625172
RECREATION...CULTURE_time_Sep,0.245861081490875,0.171301068700513,1.43525713736624,0.152318100841552,-0.0913248456038481,0.583047008585597
RECREATION...CULTURE_VAT1,-0.973754218207865,0.326832755755622,-2.97936544321144,0.00313899947236829,-1.61708590662279,-0.330422529792936
RECREATION...CULTURE_VAT2,0.642811108227023,0.314355177969069,2.044856115875,0.0417939754547232,0.024040058375366,1.26158215807868
RECREATION...CULTURE_VAT3,0.304852968688594,0.314339633645921,0.969820334625661,0.332964180114159,-0.313887483998366,0.923593421375555
RECREATION...CULTURE_Recession,0.224647376767888,0.0879311019496569,2.55481134418747,0.0111480703380065,0.0515653851827016,0.397729368353075
RECREATION...CULTURE_Trend,4.12285818542881e-05,0.000175101490740031,0.235455344669219,0.814025627181575,-0.000303438027284437,0.000385895190993013
RESTAURANTS.AND.HOTELS_(Intercept),3.55379118192438,0.728644907501879,4.87726071415001,1.79709925984817e-06,2.11953971739669,4.98804264645208
RESTAURANTS.AND.HOTELS_lag1,-0.119702216506549,0.0547720932626723,-2.18545995553775,0.0296748672104308,-0.227514614793341,-0.0118898182197573
RESTAURANTS.AND.HOTELS_lag2,-0.015509060308598,0.0555759618951159,-0.279060582664624,0.780402151918747,-0.124903779080306,0.0938856584631101
RESTAURANTS.AND.HOTELS_lag3,-0.0539918930687755,0.0553981148174208,-0.974616072166357,0.330583065045859,-0.163036540867613,0.0550527547300623
RESTAURANTS.AND.HOTELS_lag4,-0.0578481317139862,0.0559257860561273,-1.03437315402111,0.301844833426242,-0.167931438040609,0.0522351746126367
RESTAURANTS.AND.HOTELS_lag5,-0.027113705969505,0.0557110573870545,-0.486684461598558,0.626858656166626,-0.136774344265482,0.0825469323264723
RESTAURANTS.AND.HOTELS_lag6,-0.11050733727785,0.0566013750763346,-1.95237902133678,0.0518790483288525,-0.221920460819518,0.000905786263818292
RESTAURANTS.AND.HOTELS_lag7,-0.0211012509853345,0.0567746761584436,-0.371666602314847,0.710419212732691,-0.132855497244337,0.0906529952736684
RESTAURANTS.AND.HOTELS_lag8,-0.0948758099472836,0.058201668008904,-1.63012183659013,0.104188204155109,-0.209438921169618,0.0196873012750507
RESTAURANTS.AND.HOTELS_lag9,-0.120517994521562,0.0574419002056266,-2.09808509276573,0.0367841889467679,-0.233585592533919,-0.00745039650920476
RESTAURANTS.AND.HOTELS_lag10,-0.0450739983515344,0.0579887836615837,-0.77728821860761,0.437638001258512,-0.159218071872822,0.0690700751697528
RESTAURANTS.AND.HOTELS_lag11,-0.0257219496250026,0.0582376478559788,-0.441672192678742,0.659063723755862,-0.140355882927927,0.0889119836779216
RESTAURANTS.AND.HOTELS_lag12,0.135141623329125,0.0588537309556652,2.29622865253739,0.0223935971114537,0.0192950031894461,0.250988243468804
RESTAURANTS.AND.HOTELS_CPI_lag1,0.0778872641868277,0.0520637890063747,1.49599684681596,0.13576881124991,-0.0245941569587132,0.180368685332369
RESTAURANTS.AND.HOTELS_CPI_lag2,0.0435984368096036,0.05252736045241,0.830013852477965,0.407230564764686,-0.0597954699905327,0.14699234360974
RESTAURANTS.AND.HOTELS_CPI_lag3,0.0276303264397525,0.0520326184550835,0.531019334796769,0.595821875207513,-0.0747897391560835,0.130050392035589
RESTAURANTS.AND.HOTELS_CPI_lag4,0.0952098795955062,0.0522644296194808,1.82169556405181,0.0695567380667637,-0.00766647890597912,0.198086238096992
RESTAURANTS.AND.HOTELS_CPI_lag5,0.0186918081877355,0.0516477174436292,0.361909666349469,0.717689616383337,-0.0829706252148431,0.120354241590314
RESTAURANTS.AND.HOTELS_CPI_lag6,0.0191766951795786,0.0523662514484102,0.366203320825263,0.714486975783372,-0.0839000875693823,0.122253477928539
RESTAURANTS.AND.HOTELS_CPI_lag7,0.060365868584749,0.0517899247415096,1.1655909694027,0.244761304991531,-0.0415764830923574,0.162308220261855
RESTAURANTS.AND.HOTELS_CPI_lag8,-0.00607944015339354,0.051797780967979,-0.117368737420466,0.90665111014514,-0.108037255884669,0.0958783755778817
RESTAURANTS.AND.HOTELS_CPI_lag9,0.0854173708846708,0.0512648767589458,1.66619674687437,0.096780639960155,-0.0154914858346225,0.186326227603964
RESTAURANTS.AND.HOTELS_CPI_lag10,-0.0132362522935911,0.0515433640677116,-0.256798378084186,0.797521016617545,-0.114693278397364,0.0882207738101821
RESTAURANTS.AND.HOTELS_CPI_lag11,-0.000582167756227575,0.052381392457635,-0.0111140183357749,0.991140309584918,-0.103688753794049,0.102524418281594
RESTAURANTS.AND.HOTELS_CPI_lag12,-0.0362280324381567,0.0511283567364244,-0.708570248500622,0.479174447430221,-0.136868165612932,0.0644121007366189
RESTAURANTS.AND.HOTELS_time_Aug,-0.141716665580736,0.0695526720976721,-2.03754451564025,0.0425255354149581,-0.278622888064208,-0.00481044309726483
RESTAURANTS.AND.HOTELS_time_Dec,-0.236158830192606,0.0918045861435262,-2.57240776428531,0.0106095124231556,-0.416865318045706,-0.0554523423395065
RESTAURANTS.AND.HOTELS_time_Apr,0.132299906773706,0.0931975246317479,1.41956459998764,0.156835033743321,-0.0511484160200627,0.315748229567474
RESTAURANTS.AND.HOTELS_time_Jan,-0.308336777885733,0.100320027653169,-3.07353162771974,0.00232176286999519,-0.505804906876458,-0.110868648895008
RESTAURANTS.AND.HOTELS_time_Jul,-0.0980235211846516,0.102271811996021,-0.958460784761157,0.338648560937536,-0.299333507194285,0.103286464824982
RESTAURANTS.AND.HOTELS_time_Jun,-0.146872025168572,0.0923324824614869,-1.59068641125115,0.112796585130806,-0.328617614591393,0.0348735642542478
RESTAURANTS.AND.HOTELS_time_Mar,-0.043915547959007,0.102463127741739,-0.428598549809031,0.668541441412838,-0.245602116424181,0.157771020506167
RESTAURANTS.AND.HOTELS_time_May,0.0318747435301248,0.100347762329519,0.317642793323637,0.750990149803267,-0.16564797789618,0.22939746495643
RESTAURANTS.AND.HOTELS_time_Nov,-0.17886026927703,0.100501508050174,-1.77967746700613,0.0762018018170671,-0.376685621000679,0.018965082446618
RESTAURANTS.AND.HOTELS_time_Oct,-0.117626686005905,0.0940571578070298,-1.25058728913785,0.212118084635173,-0.302767095202681,0.0675137231908713
RESTAURANTS.AND.HOTELS_time_Sep,-0.166092683165184,0.103729774556071,-1.6012054771738,0.110447051398598,-0.370272496323061,0.0380871299926929
RESTAURANTS.AND.HOTELS_VAT1,-0.339031298560953,0.191841698668738,-1.76724508234455,0.0782649012477732,-0.716649030381042,0.038586433259137
RESTAURANTS.AND.HOTELS_VAT2,0.219370756498024,0.186357685929337,1.177148961708,0.240125127683764,-0.147452343777955,0.586193856774003
RESTAURANTS.AND.HOTELS_VAT3,1.19965340253961,0.183288862235677,6.545151668829,2.78320699820256e-10,0.838870919348432,1.56043588573079
RESTAURANTS.AND.HOTELS_Recession,0.0073208267147661,0.0502874960897636,0.145579463763683,0.884357015230809,-0.0916641715629967,0.106305824992529
RESTAURANTS.AND.HOTELS_Trend,-0.000692034070532412,0.000152856048883704,-4.52735809662937,8.80784560197689e-06,-0.000992913154042378,-0.000391154987022446
TRANSPORT_(Intercept),1.15523689674213,1.35612650764585,0.851865139593464,0.395009233063956,-1.51413800679532,3.82461180027958
TRANSPORT_lag1,-0.0731336236222858,0.0713751266085616,-1.0246373925663,0.306409345502069,-0.21362713262127,0.0673598853766982
TRANSPORT_lag2,0.0534651536314612,0.0714224605868134,0.748576192869676,0.454734366487495,-0.0871215267146777,0.1940518339776
TRANSPORT_lag3,0.0475813423198713,0.0718655990169858,0.662087883086109,0.508453676807171,-0.0938776037017973,0.18904028834154
TRANSPORT_lag4,0.0485408409276448,0.071972260506218,0.674438187521582,0.500583328347111,-0.0931280556413548,0.190209737496644
TRANSPORT_lag5,-0.0696937300831117,0.0714274726710377,-0.975727230390597,0.330032952250678,-0.210290276125237,0.0709028159590131
TRANSPORT_lag6,0.0140266204650412,0.0708278114173314,0.198038315519783,0.843157264923334,-0.125389563205105,0.153442804135188
TRANSPORT_lag7,0.0168810913515122,0.0708230107178317,0.238356025540466,0.811777467643254,-0.122525642708519,0.156287825411544
TRANSPORT_lag8,0.0658853503232838,0.0727085501451726,0.906156843888849,0.365623699476488,-0.0772328454614446,0.209003546108012
TRANSPORT_lag9,-0.128747307164402,0.0726096771949404,-1.77314253606644,0.0772806156218522,-0.271670883221177,0.0141762688923725
TRANSPORT_lag10,-0.00295919274943422,0.0697564191470063,-0.0424217983895926,0.966192365755824,-0.140266467241768,0.134348081742899
TRANSPORT_lag11,0.0844229230783027,0.0691546866806186,1.2207838272509,0.223184024603539,-0.051699912104451,0.220545758261056
TRANSPORT_lag12,0.217104116750816,0.0698155319707176,3.10968219567352,0.0020638761698728,0.0796804856448456,0.354527747856785
TRANSPORT_CPI_lag1,0.71222274007465,0.272088760420142,2.61761176380415,0.00933109695613377,0.176648142494543,1.24779733765476
TRANSPORT_CPI_lag2,-0.110214321001285,0.270517504313394,-0.407420293489036,0.684007335767799,-0.642696086463786,0.422267444461217
TRANSPORT_CPI_lag3,-0.710516574762483,0.272355134452433,-2.60878714914249,0.00956923731796033,-1.24661549817262,-0.174417651352341
TRANSPORT_CPI_lag4,-0.216215790036207,0.274971536981507,-0.786320622162245,0.432337591103273,-0.757464792889001,0.325033212816586
TRANSPORT_CPI_lag5,0.253730046323923,0.270928717673693,0.93651957054444,0.349804234073799,-0.279561144083667,0.787021236731513
TRANSPORT_CPI_lag6,-0.357825903050647,0.272336766112705,-1.31390964267588,0.189940676918945,-0.893888670552903,0.178236864451609
TRANSPORT_CPI_lag7,0.0179298154968114,0.273568551305771,0.0655404848665192,0.947789947534568,-0.520557575713027,0.55641720670665
TRANSPORT_CPI_lag8,-0.308732718036168,0.275994220750512,-1.1186202276143,0.264250795402073,-0.851994753133259,0.234529317060923
TRANSPORT_CPI_lag9,0.411225963283266,0.273339487884568,1.50445135631822,0.133580383615124,-0.126810543628958,0.949262470195489
TRANSPORT_CPI_lag10,0.186485917106041,0.269116581099232,0.692955879360245,0.488905510982713,-0.343238296425588,0.71621013063767
TRANSPORT_CPI_lag11,-0.147075437347014,0.272996832904045,-0.538744115755765,0.590486950552401,-0.684437468389602,0.390286593695575
TRANSPORT_CPI_lag12,0.0176850489234105,0.267797058479527,0.0660389961854734,0.947393406405396,-0.509441840136031,0.544811937982852
TRANSPORT_time_Aug,0.481693618315916,0.350553071823776,1.37409612704254,0.170499126088773,-0.208328711465667,1.1717159480975
TRANSPORT_time_Dec,0.525221326336951,0.540051722566712,0.972538933568665,0.331613014765,-0.537806722081837,1.58824937475574
TRANSPORT_time_Apr,0.044353861639916,0.539845867712049,0.0821602318230102,0.934577375698823,-1.0182689858041,1.10697670908393
TRANSPORT_time_Jan,-1.17695396972773,0.504403667572958,-2.33335727987642,0.020329911765784,-2.16981303109129,-0.184094908364166
TRANSPORT_time_Jul,0.071145584787031,0.506812157951585,0.140378607085088,0.888460720365837,-0.926454305500582,1.06874547507464
TRANSPORT_time_Jun,-0.408799057792594,0.535000580229849,-0.764109559688635,0.445438562136185,-1.46188452894282,0.64428641335763
TRANSPORT_time_Mar,-0.481990175515961,0.506752231279001,-0.951135773589899,0.342347050086315,-1.47947210722453,0.515491756192607
TRANSPORT_time_May,-0.239635911438971,0.58254807185355,-0.411358174573469,0.681121263477322,-1.38631300560584,0.907041182727895
TRANSPORT_time_Nov,-0.810217592784671,0.57588197743792,-1.40691604274421,0.160549526122393,-1.94377326720392,0.323338081634575
TRANSPORT_time_Oct,-1.13233938627318,0.51671705635999,-2.19141089371027,0.0292371137528797,-2.14943589954133,-0.115242873005034
TRANSPORT_time_Sep,-2.01146086813001,0.502160905851877,-4.00561024303102,7.91225475089696e-05,-2.99990531786323,-1.02301641839679
TRANSPORT_VAT1,0.0331318672196709,0.836763011875545,0.0395952817577443,0.968443707087438,-1.61393731955291,1.68020105399226
TRANSPORT_VAT2,0.963356668500179,0.806202432927384,1.19493148265772,0.233114241451796,-0.62355762710122,2.55027096410158
TRANSPORT_VAT3,1.1742281283206,0.797590394911923,1.47221949488279,0.142072819910144,-0.395734387327258,2.74419064396845
TRANSPORT_Recession,-0.204151040623062,0.224249139876227,-0.910376025235782,0.363398966447413,-0.645558993900667,0.237256912654543
TRANSPORT_Trend,-0.000174190331801533,0.000447384041260538,-0.389353029470471,0.69730783315392,-0.00105481299145086,0.000706432327847798
